0 82 police FIPSNO
28003 28081         0.60000031
28003 28141        0.366624493
28003 28145        0.577650636
28003 28117        0.270001365
28003 28139        0.348180215
28141 28139        0.669184905
28141 28003        0.366624493
28141 28081         0.63096852
28141 28117        0.303485531
28141 28057        0.479310832
28139 28081        0.530712051
28139 28003        0.348180215
28139 28117        0.419308843
28139 28009        0.284072446
28139 28145        0.295073956
28009 28115        0.611510562
28009 28093        0.322154139
28009 28071        0.549621282
28009 28139        0.284072446
28009 28145        0.374775322
28033 28119         0.69108452
28033 28093          0.5049271
28033 28107        0.512107231
28033 28137        0.227252688
28033 28143        0.443867958
28093 28145        0.571361974
28093 28033          0.5049271
28093 28137        0.460045095
28093 28009        0.322154139
28093 28071        0.406847293
28143 28107        0.510774511
28143 28033        0.443867958
28143 28027         0.48002782
28143 28137        0.428378057
28143 28119        0.406577543
28137 28119        0.528485056
28137 28107        0.287909935
28137 28093        0.460045095
28137 28033        0.227252688
28137 28143        0.428378057
28117 28139        0.419308843
28117 28141        0.303485531
28117 28057        0.373582254
28117 28003        0.270001365
28117 28081        0.366786693
28145 28117        0.503154501
28145 28009        0.374775322
28145 28081         0.38005994
28145 28139        0.295073956
28145 28115        0.269473601
28071 28115        0.468241511
28071 28107        0.467207244
28071 28013        0.449251187
28071 28093        0.406847293
28071 28161        0.403205362
28107 28135        0.475998635
28107 28119        0.358293199
28107 28071        0.467207244
28107 28137        0.287909935
28107 28161        0.414733381
28027 28133        0.627204175
28027 28135        0.511479191
28027 28011        0.514346119
28027 28119        0.315705851
28027 28143         0.48002782
28081 28095        0.445900696
28081 28115        0.365197197
28081 28145         0.38005994
28081 28057        0.318013294
28081 28117        0.366786693
28119 28137        0.528485056
28119 28107        0.358293199
28119 28143        0.406577543
28119 28027        0.315705851
28119 28135         0.32475915
28057 28003        0.640567585
28057 28117        0.373582254
28057 28141        0.479310832
28057 28081        0.318013294
28057 28095        0.406160912
28115 28071        0.468241511
28115 28081        0.365197197
28115 28013        0.418074992
28115 28017        0.318172786
28115 28145        0.269473601
28161 28135         0.47288484
28161 28013        0.387835599
28161 28107        0.414733381
28161 28043        0.273491642
28161 28071        0.403205362
28135 28107        0.475998635
28135 28161         0.47288484
28135 28083        0.416304197
28135 28043        0.419068102
28135 28119         0.32475915
28013 28071        0.449251187
28013 28017        0.391027648
28013 28115        0.418074992
28013 28161        0.387835599
28013 28155         0.32718663
28011 28135        0.719823186
28011 28151        0.512305468
28011 28083        0.630791218
28011 28133         0.35011413
28011 28027        0.514346119
28095 28017        0.466582946
28095 28087        0.423617224
28095 28081        0.445900696
28095 28025        0.381094535
28095 28057        0.406160912
28017 28081        0.458551627
28017 28013        0.391027648
28017 28155        0.456725007
28017 28025        0.315408906
28017 28115        0.318172786
28133 28135        0.537426451
28133 28151        0.476059164
28133 28053        0.478170388
28133 28083        0.293784149
28133 28011         0.35011413
28043 28013        0.493818817
28043 28135        0.419068102
28043 28015        0.339359857
28043 28161        0.273491642
28043 28097        0.328727722
28083 28053        0.477297636
28083 28051        0.472720492
28083 28135        0.416304197
28083 28133        0.293784149
28083 28015        0.395123576
28025 28155        0.506879696
28025 28087        0.379667315
28025 28095        0.381094535
28025 28105         0.25006831
28025 28017        0.315408906
28087 28017        0.673460596
28087 28103          0.3832975
28087 28105        0.435324039
28087 28025        0.379667315
28087 28095        0.423617224
28155 28017        0.456725007
28155 28013         0.32718663
28155 28105        0.445538962
28155 28019        0.265719892
28155 28097        0.356090939
28015 28007        0.496217874
28015 28051        0.365407041
28015 28083        0.395123576
28015 28097        0.304291981
28015 28043        0.339359857
28097 28007        0.410427307
28097 28043        0.328727722
28097 28019        0.397011783
28097 28015        0.304291981
28097 28155        0.356090939
28105 28103        0.442077804
28105 28019        0.378733888
28105 28087        0.435324039
28105 28025         0.25006831
28105 28159        0.372629885
28151 28055        0.542681715
28151 28133        0.476059164
28151 28011        0.512305468
28151 28125        0.426565715
28151 28053        0.450964208
28019 28007        0.424750224
28019 28159        0.336482483
28019 28097        0.397011783
28019 28155        0.265719892
28019 28105        0.378733888
28051 28089          0.4955037
28051 28083        0.472720492
28051 28163        0.460701964
28051 28015        0.365407041
28051 28053        0.435026903
28053 28083        0.477297636
28053 28151        0.450964208
28053 28051        0.435026903
28053 28163        0.373157362
28053 28125        0.378253303
28007 28051        0.509734951
28007 28097        0.410427307
28007 28015        0.496217874
28007 28079        0.338588387
28007 28019        0.424750224
28103 28025        0.584059446
28103 28105        0.442077804
28103 28159         0.46659038
28103 28069        0.363031638
28103 28087          0.3832975
28159 28069        0.515553107
28159 28099        0.346087608
28159 28103         0.46659038
28159 28019        0.336482483
28159 28105        0.372629885
28125 28149        0.530511675
28125 28151        0.426565715
28125 28163        0.432182008
28125 28055        0.221838091
28125 28053        0.378253303
28163 28049        0.513473208
28163 28125        0.432182008
28163 28051        0.460701964
28163 28053        0.373157362
28163 28089        0.390568267
28055 28053        0.599947572
28055 28163        0.595593324
28055 28149        0.413411031
28055 28125        0.221838091
28055 28151        0.542681715
28099 28123        0.544595908
28099 28101        0.350130359
28099 28069        0.473478225
28099 28159        0.346087608
28099 28079        0.408309335
28079 28101        0.535495577
28079 28123        0.345690724
28079 28089        0.516637327
28079 28007        0.338588387
28079 28099        0.408309335
28069 28101        0.591855829
28069 28103        0.363031638
28069 28159        0.515553107
28069 28075        0.350096093
28069 28099        0.473478225
28089 28123        0.541508746
28089 28051          0.4955037
28089 28079        0.516637327
28089 28121        0.379341618
28089 28163        0.390568267
28123 28089        0.541508746
28123 28129        0.389282987
28123 28121        0.430594277
28123 28079        0.345690724
28123 28101         0.41790384
28149 28163        0.629684117
28149 28125        0.530511675
28149 28049        0.423436977
28149 28055        0.413411031
28149 28021        0.387009675
28121 28129         0.50340647
28121 28089        0.379341618
28121 28049        0.495791808
28121 28127        0.350755861
28121 28123        0.430594277
28075 28061        0.594485361
28075 28023        0.364786234
28075 28099        0.570114615
28075 28069        0.350096093
28075 28101        0.454261722
28101 28079        0.535495577
28101 28061         0.38306205
28101 28075        0.454261722
28101 28099        0.350130359
28101 28123         0.41790384
28049 28089        0.551559922
28049 28163        0.513473208
28049 28121        0.495791808
28049 28149        0.423436977
28049 28029        0.400002426
28061 28123        0.570731451
28061 28067        0.399067909
28061 28023        0.429131614
28061 28101         0.38306205
28061 28129        0.387118854
28023 28067        0.629741675
28023 28153         0.40206971
28023 28101        0.562030696
28023 28075        0.364786234
28023 28061        0.429131614
28129 28121         0.50340647
28129 28123        0.389282987
28129 28127        0.422677954
28129 28031        0.388229834
28129 28061        0.387118854
28021 28049        0.555120997
28021 28149        0.387009675
28021 28037        0.491317477
28021 28063        0.269805235
28021 28029        0.472622114
28127 28031        0.461918116
28127 28077        0.412618702
28127 28129        0.422677954
28127 28121        0.350755861
28127 28065        0.359916535
28029 28127        0.533266013
28029 28021        0.472622114
28029 28077        0.465746769
28029 28085        0.334770422
28029 28049        0.400002426
28153 28061        0.572980618
28153 28041        0.428839056
28153 28111        0.550301702
28153 28023         0.40206971
28153 28067        0.470735514
28063 28029        0.606158762
28063 28001        0.401340199
28063 28005        0.605526665
28063 28037        0.289967577
28063 28021        0.269805235
28067 28111        0.483242229
28067 28035        0.440386073
28067 28153        0.470735514
28067 28061        0.399067909
28067 28031        0.389435517
28031 28127        0.461918116
28031 28073        0.426752299
28031 28067        0.389435517
28031 28129        0.388229834
28031 28065        0.277965731
28065 28073        0.477251712
28065 28091        0.336912126
28065 28127        0.359916535
28065 28077        0.286472975
28065 28031        0.277965731
28077 28091        0.428778395
28077 28147        0.399387032
28077 28127        0.412618702
28077 28065        0.286472975
28077 28085        0.348407185
28001 28021        0.658564876
28001 28005        0.628291012
28001 28063        0.401340199
28001 28037        0.452364555
28001 28157        0.324623211
28085 28005        0.499870367
28085 28037        0.447239059
28085 28113        0.360403253
28085 28029        0.334770422
28085 28077        0.348407185
28037 28021        0.491317477
28037 28001        0.452364555
28037 28085        0.447239059
28037 28005        0.318446677
28037 28063        0.289967577
28091 28031        0.483168873
28091 28065        0.336912126
28091 28077        0.428778395
28091 28147        0.295108835
28091 28073        0.312618998
28073 28065        0.477251712
28073 28109        0.443542045
28073 28091        0.312618998
28073 28031        0.426752299
28073 28035        0.254984031
28035 28031         0.53190232
28035 28111         0.26972689
28035 28067        0.440386073
28035 28073        0.254984031
28035 28131        0.426081975
28111 28067        0.483242229
28111 28041        0.350651814
28111 28039        0.463613792
28111 28035         0.26972689
28111 28131        0.400278858
28041 28131        0.631789549
28041 28153        0.428839056
28041 28035        0.617759856
28041 28039        0.350230258
28041 28111        0.350651814
28157 28021        0.904309433
28157 28037        0.520998231
28157 28063        0.634791322
28157 28001        0.324623211
28157 28005        0.508125751
28005 28063        0.605526665
28005 28157        0.508125751
28005 28085        0.499870367
28005 28037        0.318446677
28005 28113        0.401406121
28113 28037         0.58137485
28113 28005        0.401406121
28113 28077        0.475350601
28113 28085        0.360403253
28113 28147        0.299359092
28147 28085        0.519730944
28147 28065        0.504399505
28147 28113        0.299359092
28147 28077        0.399387032
28147 28091        0.295108835
28109 28035         0.53395765
28109 28073        0.443542045
28109 28091        0.518132034
28109 28045        0.365402487
28109 28131        0.475732235
28039 28047        0.583459919
28039 28041        0.350230258
28039 28131        0.472586596
28039 28059        0.315710989
28039 28111        0.463613792
28131 28109        0.475732235
28131 28111        0.400278858
28131 28039        0.472586596
28131 28047        0.277432896
28131 28035        0.426081975
28059 28111        0.717567116
28059 28041        0.665859315
28059 28131        0.533260826
28059 28039        0.315710989
28059 28047        0.475737929
28047 28039        0.583459919
28047 28059        0.475737929
28047 28109        0.539543622
28047 28131        0.277432896
28047 28045        0.386371315
28045 28035        0.805408355
28045 28073         0.78916021
28045 28131        0.528548168
28045 28109        0.365402487
28045 28047        0.386371315
